10784
10782
10780
10779
10778
10773
10772
10766
10759
10735
10724
10718
10714
10712
10710
10701
10692
10691
10689
10684
10675
10674
10673
10669
10657
10651
10647
10632
10622
10617
10615
10605
10604
10603
10589
10575
10572
10571
10568
10563
10559
10555
10552
10551
10550
10549
10540
10539
10536
10534
10533
10528
10525
10519
10518
10512
10510
10508
10505
10497
10495
10482
10480
10477
10476
10474
10473
10471
10452
10451
10448
10447
10446
10444
10440
10439
10438
10437
10435
10434
10433
10428
10426
10424
10422
10421
10418
10416
10410
10409
10406
10402
10398
10393
10392
10391
10388
10387
10383
10377
10376
10374
10371
10370
10369
10368
10367
10366
10365
10364
10363
10362
10361
10360
10359
10358
10357
10355
10353
10352
10349
10345
10343
10342
10341
10340
10339
10338
10337
10331
10329
10328
10327
10326
10325
10324
10320
10319
10318
10317
10316
10314
10311
10307
10306
10302
10301
10295
10285
10281
10280
10279
10274
10272
10269
10266
10259
10146
10119
10114
10113
10111
10110
10109
10106
10104
10103
10099
10098
10097
10096
10095
10094
10092
10088
10087
10083
10081
10080
10079
10078
10077
10076
10074
10073
10072
10068
10060
10055
10053
10052
10050
10049
10043
10042
10038
10037
10036
10034
10028
10024
2862
2849
2844
2843
2839
2833
2831
2830
2822
2815
2812
2806
2796
2786
2785
2769
2768
2763
2756
2755
2750
2749
2748
2747
2745
2744
2739
2733
2732
2731
2712
2709
2707
2701
2700
2698
2696
2695
2691
2690
2671
2668
2667
2666
2664
2663
2662
2661
2660
2658
2655
2654
2650
2637
2626
2608
2600
2590
2585
2580
2578
2574
2568
2556
2547
2544
2543
2542
2539
2531
2528
2526
2523
2509
2505
2504
2500
2496
2468
2457
2438
2431
2425
2412
2411
2410
2400
2391
2381
2365
2359
2348
2341
2329
2327
2324
2321
2320
2319
2311
2310
2307
2304
2299
2298
2293
2291
2284
2283
2273
2267
2265
2264
2255
2237
2231
2227
2223
2212
2196
2195
2188
2185
2176
2170
2163
2154
2151
2138
2136
2126
2122
2121
2119
2115
2114
2112
2111
2108
2106
2105
2102
2101
2098
2097
2092
2091
2090
2087
2083
2081
2079
2078
2042
2040
2039
2036
2035
2030
2001
2000
841
838
833
832
829
828
827
824
822
821
820
813
812
811
808
806
804
803
799
797
796
795
793
790
789
785
784
782
768
763
760
759
757
756
755
753
752
747
746
745
744
743
740
727
723
721
720
715
711
700
699
692
691
688
687
686
681
676
675
673
670
669
667
665
661
659
658
654
652
644
643
642
641
640
631
629
625
624
623
622
620
615
611
609
608
602
597
595
594
593
592
590
589
587
581
578
566
564
559
555
550
548
546
545
544
539
536
531
529
527
526
524
523
521
514
512
507
505
502
501
499
498
496
495
494
492
488
486
485
483
478
467
465
463
456
454
450
447
445
444
440
437
434
432
428
423
422
417
416
415
409
406
405
404
401
400
399
398
395
391
389
388
387
386
381
379
377
375
369
366
365
363
361
358
356
349
346
341
340
338
335
333
331
330
329
327
322
318
316
314
313
312
311
308
298
296
292
289
288
286
283
281
279
276
274
271
264
263
252
245
236
234
225
214
212
205
202
201
198
188
186
182
179
178
170
168
167
164
163
162
159
156
149
148
144
143
138
137
134
132
128
126
125
123
122
118
116
115
113
111
109
107
106
103
102
99
98
96
91
89
88
87
86
85
81
75
74
65
59
58
56
55
54
52
48
45
43
41
40
39
38
37
35
26
22
21
20
9
